SWTSWT

time: 1624023416.671077
split:95
pop[max_fitness_index]:[0 1 0 1 0 0 1 1 1 0 1 0 0 1 1 0 1 0 1 1 0 0 0 1 1 0 1 1 1 1 0 1 1 1 1 0 1
 0 0 0 0 1 0 0 0 0 1 0 0 0 0 1 0 0 0 0 1 0 0 0 0 1 0 0 0 0 1 0 0 0 0 1 0 0
 0 0 1 0 0 0 0 1 0 0 0 0 1 0 0 0 0 1 0 0 0 0 1 0 0 0 0 1 0 0 0 0 1 0 0 0 0
 1 0 0 0 0 1 0 0 0 0 1 0 0 0]
(w1, w2, w3, w4, w5):(0.0504731867272553, 0.34069399837522785, 0.11041009596587097, 0.40063091964758896, 0.09779179928405715)
Program:SWT
Top1: 0.5053763440860215 Top5:0.6989247311827957 Top10: 0.7956989247311828
MRR: 0.6039044509016374 MAP: 0.5336116707976364SWTSWTSWT

time: 1624023490.8341289
split:99
pop[max_fitness_index]:[1 1 0 1 0 0 1 0 1 0 0 1 0 0 1 1 0 0 0 1 0 1 1 0 1 0 1 1 1 1 0 1 1 1 1 0 1
 0 0 0 0 1 0 0 0 0 1 0 0 0 0 1 0 0 0 0 1 0 0 0 0 1 0 0 0 0 1 0 0 0 0 1 0 0
 0 0 1 0 0 0 0 1 0 0 0 0 1 0 0 0 0 1 0 0 0 0 1 0 0 0 0 1 0 0 0 0 1 0 0 0 0
 1 0 0 0 0 1 0 0 0 0 1 0 0 0]
(w1, w2, w3, w4, w5):(0.2188449873399009, 0.3647416339716768, 0.021276595991379252, 0.3009118575923637, 0.09422492510467954)
Program:SWT
Top1: 0.4845360824742268 Top5:0.6804123711340206 Top10: 0.711340206185567
MRR: 0.5734463465519364 MAP: 0.5184679394493834SWT

time: 1624026859.365343
split:95
pop[max_fitness_index]:[1 1 1 0 0 0 1 1 1 0 1 0 0 0 0 0 1 1 0 0 1 1 0 0 0 0 1 1 1 1 0 1 1 1 1 0 1
 0 0 0 0 1 0 0 0 0 1 0 0 0 0 1 0 0 0 0 1 0 0 0 0 1 0 0 0 0 1 0 0 0 0 1 0 0
 0 0 1 0 0 0 0 1 0 0 0 0 1 0 0 0 0 1 0 0 0 0 1 0 0 0 0 1 0 0 0 0 1 0 0 0 0
 1 0 0 0 0 1 0 0 0 0 1 0 0 0]
(w1, w2, w3, w4, w5):(0.24633431360613142, 0.3284457402880463, 0.3137829947125722, 0.1026392973358881, 0.008797654057361838)SWT

time: 1624027362.821578
split:95
pop[max_fitness_index]:[0 1 1 1 0 0 1 1 1 1 0 1 1 0 0 0 1 1 1 0 0 1 1 0 0 0 1 1 1 1 0 1 1 1 1 0 1
 0 0 0 0 1 0 0 0 0 1 0 0 0 0 1 0 0 0 0 1 0 0 0 0 1 0 0 0 0 1 0 0 0 0 1 0 0
 0 0 1 0 0 0 0 1 0 0 0 0 1 0 0 0 0 1 0 0 0 0 1 0 0 0 0 1 0 0 0 0 1 0 0 0 0
 1 0 0 0 0 1 0 0 0 0 1 0 0 0]
(w1, w2, w3, w4, w5):(0.0, 0.3224181295093962, 0.31989924740634457, 0.2695214131691249, 0.08816120991513432)
Program:SWT
Top1: 0.24731182795698925 Top5:0.45161290322580644 Top10: 0.5376344086021505
MRR: 0.3479812377604587 MAP: 0.28099431116217255SWT

time: 1624029244.100527
split:99
pop[max_fitness_index]:[1 0 0 1 1 1 0 0 1 0 1 0 0 1 1 0 0 0 0 1 1 0 0 0 1 0 1 1 1 1 0 1 1 1 1 0 1
 0 0 0 0 1 0 0 0 0 1 0 0 0 0 1 0 0 0 0 1 0 0 0 0 1 0 0 0 0 1 0 0 0 0 1 0 0
 0 0 1 0 0 0 0 1 0 0 0 0 1 0 0 0 0 1 0 0 0 0 1 0 0 0 0 1 0 0 0 0 1 0 0 0 0
 1 0 0 0 0 1 0 0 0 0 1 0 0 0]
(w1, w2, w3, w4, w5):(0.3483483523388694, 0.01201200069406871, 0.009009009112212139, 0.3453453493014653, 0.2852852885533844)
Program:SWT
Top1: 0.09278350515463918 Top5:0.29896907216494845 Top10: 0.422680412371134
MRR: 0.19706536311996403 MAP: 0.16822721256418527SWT

time: 1624031237.9710264
split:99
pop[max_fitness_index]:[0 0 1 0 0 0 0 1 1 1 0 0 1 0 0 0 0 1 0 0 1 1 0 0 1 0 1 1 1 1 0 1 1 1 1 0 1
 0 0 0 0 1 0 0 0 0 1 0 0 0 0 1 0 0 0 0 1 0 0 0 0 1 0 0 0 0 1 0 0 0 0 1 0 0
 0 0 1 0 0 0 0 1 0 0 0 0 1 0 0 0 0 1 0 0 0 0 1 0 0 0 0 1 0 0 0 0 1 0 0 0 0
 1 0 0 0 0 1 0 0 0 0 1 0 0 0]
(w1, w2, w3, w4, w5):(0.019138756330184505, 0.038277494408228654, 0.5885167571531735, 0.16746411788911442, 0.18660287421929894)
Program:SWT
Top1: 0.4639175257731959 Top5:0.7216494845360825 Top10: 0.7938144329896907
MRR: 0.5863220377018229 MAP: 0.5179674706424913